INFO: ChannelWidth 80, Arch_filename "/home/alex/Documents/EPFL/PARSA/VTR8_S/vtr_flow/arch/timing/k6_frac_N10_frac_chain_mem32K_40nm.xml"
INFO: Total: SegmentTypes 1, Channels 2, Delta_xs 20, Delta_ys 20

SegTypeId 0 (unnamed_segment_0, length 4) Chan 0
0, 0 : 7.247e-11, 3.33711e-11
0, 1 : 1.47757e-10, 1.73881e-10
0, 2 : 7.247e-11, 3.33711e-11
0, 3 : 7.247e-11, 3.33711e-11
0, 4 : 7.247e-11, 3.33711e-11
0, 5 : 7.247e-11, 3.33711e-11
0, 6 : 7.247e-11, 3.33711e-11
0, 7 : 2.10213e-10, 1.73881e-10
0, 8 : 2.10213e-10, 1.73881e-10
0, 9 : 2.1132e-10, 1.73881e-10
0, 10 : 2.86607e-10, 3.14391e-10
0, 11 : 3.46848e-10, 3.14391e-10
0, 12 : 3.25302e-10, 3.14391e-10
0, 13 : 3.49062e-10, 3.14391e-10
0, 14 : 4.24349e-10, 4.54901e-10
0, 15 : 4.85698e-10, 4.54901e-10
0, 16 : 4.85698e-10, 4.54901e-10
0, 17 : 4.85698e-10, 4.54901e-10
0, 18 : 5.61869e-10, 5.95411e-10
0, 19 : 7.9344e-10, 8.76431e-10
1, 0 : 1.47757e-10, 1.73881e-10
1, 1 : 1.65339e-10, 1.73881e-10
1, 2 : 1.47757e-10, 2.09009e-10
1, 3 : 1.47757e-10, 2.09009e-10
1, 4 : 1.66297e-10, 1.73881e-10
1, 5 : 1.66297e-10, 1.73881e-10
1, 6 : 1.66297e-10, 1.73881e-10
1, 7 : 2.855e-10, 3.49519e-10
1, 8 : 3.04999e-10, 3.14391e-10
1, 9 : 3.05147e-10, 3.14391e-10
1, 10 : 3.09426e-10, 3.14391e-10
1, 11 : 4.23243e-10, 4.90029e-10
1, 12 : 4.08194e-10, 4.54901e-10
1, 13 : 4.44807e-10, 4.54901e-10
1, 14 : 4.5381e-10, 4.54901e-10
1, 15 : 5.60985e-10, 6.30539e-10
1, 16 : 5.736e-10, 5.95411e-10
1, 17 : 5.81442e-10, 5.95411e-10
1, 18 : 6.02771e-10, 5.95411e-10
1, 19 : 8.11621e-10, 8.76431e-10
2, 0 : 1.66297e-10, 1.73881e-10
2, 1 : 1.86452e-10, 1.73881e-10
2, 2 : 1.86452e-10, 2.09009e-10
2, 3 : 1.86452e-10, 2.09009e-10
2, 4 : 1.88518e-10, 1.73881e-10
2, 5 : 1.88518e-10, 1.73881e-10
2, 6 : 1.87485e-10, 1.73881e-10
2, 7 : 3.08171e-10, 3.49519e-10
2, 8 : 3.2626e-10, 3.14391e-10
2, 9 : 3.27367e-10, 3.14391e-10
2, 10 : 3.29581e-10, 3.14391e-10
2, 11 : 4.48127e-10, 4.90029e-10
2, 12 : 4.25325e-10, 4.54901e-10
2, 13 : 4.66143e-10, 4.54901e-10
2, 14 : 4.70644e-10, 4.54901e-10
2, 15 : 5.88084e-10, 6.30539e-10
2, 16 : 6.01746e-10, 5.95411e-10
2, 17 : 6.02778e-10, 5.95411e-10
2, 18 : 6.20637e-10, 5.95411e-10
2, 19 : 8.43803e-10, 8.76431e-10
3, 0 : 1.87485e-10, 1.73881e-10
3, 1 : 2.10213e-10, 2.09009e-10
3, 2 : 2.10213e-10, 2.09009e-10
3, 3 : 2.10213e-10, 2.09009e-10
3, 4 : 2.1132e-10, 1.73881e-10
3, 5 : 2.12427e-10, 1.73881e-10
3, 6 : 2.12427e-10, 1.73881e-10
3, 7 : 3.29581e-10, 3.49519e-10
3, 8 : 3.49062e-10, 3.14391e-10
3, 9 : 3.51276e-10, 3.14391e-10
3, 10 : 3.52383e-10, 3.14391e-10
3, 11 : 4.70644e-10, 4.90029e-10
3, 12 : 4.49383e-10, 4.54901e-10
3, 13 : 4.91233e-10, 4.54901e-10
3, 14 : 4.9234e-10, 4.54901e-10
3, 15 : 6.11708e-10, 6.30539e-10
3, 16 : 6.24548e-10, 5.95411e-10
3, 17 : 6.27869e-10, 5.95411e-10
3, 18 : 6.27869e-10, 5.95411e-10
3, 19 : 8.54863e-10, 8.76431e-10
4, 0 : 2.10213e-10, 1.73881e-10
4, 1 : 2.855e-10, 3.49519e-10
4, 2 : 2.85723e-10, 3.14391e-10
4, 3 : 2.85723e-10, 3.49519e-10
4, 4 : 2.87714e-10, 3.14391e-10
4, 5 : 2.86384e-10, 3.14391e-10
4, 6 : 2.88821e-10, 3.14391e-10
4, 7 : 3.49062e-10, 3.49519e-10
4, 8 : 3.49062e-10, 3.14391e-10
4, 9 : 3.5349e-10, 3.14391e-10
4, 10 : 4.28777e-10, 4.54901e-10
4, 11 : 4.86805e-10, 4.54901e-10
4, 12 : 4.67472e-10, 4.54901e-10
4, 13 : 4.93447e-10, 4.54901e-10
4, 14 : 5.69618e-10, 5.95411e-10
4, 15 : 6.26762e-10, 5.95411e-10
4, 16 : 6.25655e-10, 5.95411e-10
4, 17 : 6.31189e-10, 5.95411e-10
4, 18 : 7.06254e-10, 7.35921e-10
4, 19 : 9.33037e-10, 1.01694e-09
5, 0 : 2.855e-10, 3.14391e-10
5, 1 : 3.0404e-10, 3.49519e-10
5, 2 : 3.0404e-10, 3.49519e-10
5, 3 : 3.05147e-10, 3.14391e-10
5, 4 : 3.05147e-10, 3.14391e-10
5, 5 : 3.0404e-10, 3.14391e-10
5, 6 : 3.07212e-10, 3.14391e-10
5, 7 : 4.2767e-10, 4.90029e-10
5, 8 : 4.44955e-10, 4.54901e-10
5, 9 : 4.45104e-10, 4.54901e-10
5, 10 : 4.5381e-10, 4.54901e-10
5, 11 : 5.6652e-10, 6.30539e-10
5, 12 : 5.49258e-10, 5.95411e-10
5, 13 : 5.86167e-10, 5.95411e-10
5, 14 : 5.98195e-10, 5.95411e-10
5, 15 : 7.05147e-10, 7.71049e-10
5, 16 : 7.22506e-10, 7.35921e-10
5, 17 : 7.2472e-10, 7.35921e-10
5, 18 : 7.44941e-10, 7.35921e-10
5, 19 : 9.49648e-10, 1.01694e-09
6, 0 : 3.05147e-10, 3.14391e-10
6, 1 : 3.26335e-10, 3.49519e-10
6, 2 : 3.26335e-10, 3.49519e-10
6, 3 : 3.26335e-10, 3.49519e-10
6, 4 : 3.27367e-10, 3.14391e-10
6, 5 : 3.27367e-10, 3.14391e-10
6, 6 : 3.26335e-10, 3.14391e-10
6, 7 : 4.48276e-10, 4.90029e-10
6, 8 : 4.65184e-10, 4.54901e-10
6, 9 : 4.67324e-10, 4.54901e-10
6, 10 : 4.70719e-10, 4.54901e-10
6, 11 : 5.89339e-10, 6.30539e-10
6, 12 : 5.66389e-10, 5.95411e-10
6, 13 : 6.07429e-10, 5.95411e-10
6, 14 : 6.12815e-10, 5.95411e-10
6, 15 : 7.30403e-10, 7.71049e-10
6, 16 : 7.43916e-10, 7.35921e-10
6, 17 : 7.42735e-10, 7.35921e-10
6, 18 : 7.59487e-10, 7.35921e-10
6, 19 : 9.8243e-10, 1.01694e-09
7, 0 : 3.26335e-10, 3.14391e-10
7, 1 : 3.49062e-10, 3.14391e-10
7, 2 : 3.49062e-10, 3.49519e-10
7, 3 : 3.49062e-10, 3.49519e-10
7, 4 : 3.50169e-10, 3.14391e-10
7, 5 : 3.50169e-10, 3.14391e-10
7, 6 : 3.5349e-10, 3.14391e-10
7, 7 : 4.69538e-10, 4.90029e-10
7, 8 : 4.87912e-10, 4.54901e-10
7, 9 : 4.91233e-10, 4.54901e-10
7, 10 : 4.9234e-10, 4.54901e-10
7, 11 : 6.10601e-10, 6.30539e-10
7, 12 : 5.88084e-10, 5.95411e-10
7, 13 : 6.31189e-10, 5.95411e-10
7, 14 : 6.36724e-10, 5.95411e-10
7, 15 : 7.51664e-10, 7.71049e-10
7, 16 : 7.63397e-10, 7.35921e-10
7, 17 : 7.68932e-10, 7.35921e-10
7, 18 : 7.74466e-10, 7.35921e-10
7, 19 : 9.94819e-10, 1.01694e-09
8, 0 : 3.49062e-10, 3.14391e-10
8, 1 : 4.25234e-10, 4.90029e-10
8, 2 : 4.28332e-10, 4.54901e-10
8, 3 : 4.27447e-10, 4.54901e-10
8, 4 : 4.26563e-10, 4.90029e-10
8, 5 : 4.26341e-10, 4.54901e-10
8, 6 : 4.28777e-10, 4.90029e-10
8, 7 : 4.87912e-10, 4.54901e-10
8, 8 : 4.87912e-10, 4.54901e-10
8, 9 : 4.9566e-10, 4.54901e-10
8, 10 : 5.69841e-10, 5.95411e-10
8, 11 : 6.25655e-10, 5.95411e-10
8, 12 : 6.08461e-10, 5.95411e-10
8, 13 : 6.35617e-10, 5.95411e-10
8, 14 : 7.12011e-10, 7.35921e-10
8, 15 : 7.64504e-10, 7.35921e-10
8, 16 : 7.63397e-10, 7.35921e-10
8, 17 : 7.7336e-10, 7.35921e-10
8, 18 : 8.49531e-10, 8.76431e-10
8, 19 : 1.0741e-09, 1.19258e-09
9, 0 : 4.25234e-10, 4.54901e-10
9, 1 : 4.4289e-10, 4.54901e-10
9, 2 : 4.4289e-10, 4.90029e-10
9, 3 : 4.43997e-10, 4.54901e-10
9, 4 : 4.43997e-10, 4.90029e-10
9, 5 : 4.4289e-10, 4.54901e-10
9, 6 : 4.48276e-10, 4.54901e-10
9, 7 : 5.67404e-10, 6.30539e-10
9, 8 : 5.84615e-10, 6.30539e-10
9, 9 : 5.83953e-10, 5.95411e-10
9, 10 : 5.93767e-10, 5.95411e-10
9, 11 : 7.06476e-10, 7.71049e-10
9, 12 : 6.91428e-10, 7.35921e-10
9, 13 : 7.27082e-10, 7.35921e-10
9, 14 : 7.4243e-10, 7.35921e-10
9, 15 : 8.45326e-10, 9.11559e-10
9, 16 : 8.5929e-10, 9.11559e-10
9, 17 : 8.63866e-10, 8.76431e-10
9, 18 : 8.88218e-10, 8.76431e-10
9, 19 : 1.09071e-09, 1.19258e-09
10, 0 : 4.43997e-10, 4.54901e-10
10, 1 : 4.65184e-10, 4.90029e-10
10, 2 : 4.65184e-10, 4.90029e-10
10, 3 : 4.65184e-10, 4.90029e-10
10, 4 : 4.67324e-10, 4.54901e-10
10, 5 : 4.68431e-10, 4.54901e-10
10, 6 : 4.65184e-10, 4.54901e-10
10, 7 : 5.86167e-10, 6.30539e-10
10, 8 : 6.04034e-10, 5.95411e-10
10, 9 : 6.08387e-10, 5.95411e-10
10, 10 : 6.09568e-10, 5.95411e-10
10, 11 : 7.26785e-10, 7.71049e-10
10, 12 : 7.07229e-10, 7.35921e-10
10, 13 : 7.46278e-10, 7.35921e-10
10, 14 : 7.53952e-10, 7.35921e-10
10, 15 : 8.63569e-10, 9.11559e-10
10, 16 : 8.86086e-10, 8.76431e-10
10, 17 : 8.83798e-10, 8.76431e-10
10, 18 : 8.98337e-10, 8.76431e-10
10, 19 : 1.12128e-09, 1.15745e-09
11, 0 : 4.65184e-10, 4.54901e-10
11, 1 : 4.86805e-10, 4.90029e-10
11, 2 : 4.86805e-10, 4.90029e-10
11, 3 : 4.86805e-10, 4.90029e-10
11, 4 : 4.89019e-10, 4.54901e-10
11, 5 : 4.90126e-10, 4.54901e-10
11, 6 : 4.93447e-10, 4.54901e-10
11, 7 : 6.09494e-10, 6.30539e-10
11, 8 : 6.26762e-10, 5.95411e-10
11, 9 : 6.31189e-10, 5.95411e-10
11, 10 : 6.33403e-10, 5.95411e-10
11, 11 : 7.50558e-10, 7.71049e-10
11, 12 : 7.28189e-10, 7.35921e-10
11, 13 : 7.68932e-10, 7.35921e-10
11, 14 : 7.75573e-10, 7.35921e-10
11, 15 : 8.91621e-10, 9.11559e-10
11, 16 : 9.02247e-10, 8.76431e-10
11, 17 : 9.08888e-10, 8.76431e-10
11, 18 : 9.16637e-10, 8.76431e-10
11, 19 : 1.13367e-09, 1.15745e-09
12, 0 : 4.86805e-10, 4.54901e-10
12, 1 : 5.62315e-10, 6.30539e-10
12, 2 : 5.62315e-10, 5.95411e-10
12, 3 : 5.62315e-10, 6.30539e-10
12, 4 : 5.6652e-10, 6.30539e-10
12, 5 : 5.64083e-10, 5.95411e-10
12, 6 : 5.69841e-10, 5.95411e-10
12, 7 : 6.26762e-10, 6.30539e-10
12, 8 : 6.26762e-10, 5.95411e-10
12, 9 : 6.37831e-10, 5.95411e-10
12, 10 : 7.09797e-10, 7.35921e-10
12, 11 : 7.64504e-10, 7.71049e-10
12, 12 : 7.48418e-10, 7.35921e-10
12, 13 : 7.77787e-10, 7.35921e-10
12, 14 : 8.53074e-10, 8.76431e-10
12, 15 : 9.05568e-10, 8.76431e-10
12, 16 : 9.03354e-10, 8.76431e-10
12, 17 : 9.14423e-10, 8.76431e-10
12, 18 : 9.91701e-10, 1.01694e-09
12, 19 : 1.21184e-09, 1.29796e-09
13, 0 : 5.62976e-10, 5.95411e-10
13, 1 : 5.80632e-10, 6.30539e-10
13, 2 : 5.80632e-10, 6.30539e-10
13, 3 : 5.82846e-10, 5.95411e-10
13, 4 : 5.83953e-10, 5.95411e-10
13, 5 : 5.80632e-10, 5.95411e-10
13, 6 : 5.88232e-10, 5.95411e-10
13, 7 : 7.0869e-10, 7.71049e-10
13, 8 : 7.25975e-10, 7.35921e-10
13, 9 : 7.2391e-10, 7.35921e-10
13, 10 : 7.32617e-10, 7.35921e-10
13, 11 : 8.4754e-10, 9.11559e-10
13, 12 : 8.32492e-10, 8.76431e-10
13, 13 : 8.65932e-10, 8.76431e-10
13, 14 : 8.82535e-10, 8.76431e-10
13, 15 : 9.86167e-10, 1.05207e-09
13, 16 : 1.00382e-09, 1.01694e-09
13, 17 : 1.00161e-09, 1.01694e-09
13, 18 : 1.03024e-09, 1.01694e-09
13, 19 : 1.22845e-09, 1.29796e-09
14, 0 : 5.82846e-10, 5.95411e-10
14, 1 : 6.04034e-10, 6.30539e-10
14, 2 : 6.04034e-10, 6.30539e-10
14, 3 : 6.04034e-10, 6.30539e-10
14, 4 : 6.06173e-10, 5.95411e-10
14, 5 : 6.0728e-10, 5.95411e-10
14, 6 : 6.04034e-10, 5.95411e-10
14, 7 : 7.29296e-10, 7.71049e-10
14, 8 : 7.42883e-10, 7.35921e-10
14, 9 : 7.47311e-10, 7.35921e-10
14, 10 : 7.48418e-10, 7.35921e-10
14, 11 : 8.70359e-10, 9.11559e-10
14, 12 : 8.46079e-10, 8.76431e-10
14, 13 : 8.87342e-10, 8.76431e-10
14, 14 : 8.92802e-10, 8.76431e-10
14, 15 : 1.01142e-09, 1.05207e-09
14, 16 : 1.02494e-09, 1.01694e-09
14, 17 : 1.02375e-09, 1.01694e-09
14, 18 : 1.03719e-09, 1.01694e-09
14, 19 : 1.26013e-09, 1.29796e-09
15, 0 : 6.04034e-10, 5.95411e-10
15, 1 : 6.25655e-10, 5.95411e-10
15, 2 : 6.25655e-10, 6.30539e-10
15, 3 : 6.25655e-10, 6.30539e-10
15, 4 : 6.27869e-10, 5.95411e-10
15, 5 : 6.27869e-10, 5.95411e-10
15, 6 : 6.3451e-10, 5.95411e-10
15, 7 : 7.49451e-10, 7.71049e-10
15, 8 : 7.65611e-10, 7.35921e-10
15, 9 : 7.70039e-10, 7.35921e-10
15, 10 : 7.7336e-10, 7.35921e-10
15, 11 : 8.90514e-10, 9.11559e-10
15, 12 : 8.69104e-10, 8.76431e-10
15, 13 : 9.07782e-10, 8.76431e-10
15, 14 : 9.17744e-10, 8.76431e-10
15, 15 : 1.03158e-09, 1.05207e-09
15, 16 : 1.0411e-09, 1.01694e-09
15, 17 : 1.04774e-09, 1.01694e-09
15, 18 : 1.0577e-09, 1.01694e-09
15, 19 : 1.27473e-09, 1.33309e-09
16, 0 : 6.25655e-10, 5.95411e-10
16, 1 : 7.01826e-10, 7.71049e-10
16, 2 : 7.07138e-10, 7.35921e-10
16, 3 : 7.06254e-10, 7.35921e-10
16, 4 : 7.05369e-10, 7.71049e-10
16, 5 : 7.0404e-10, 7.35921e-10
16, 6 : 7.09797e-10, 7.71049e-10
16, 7 : 7.65611e-10, 7.35921e-10
16, 8 : 7.75573e-10, 7.35921e-10
16, 9 : 7.80001e-10, 7.35921e-10
16, 10 : 8.5086e-10, 8.76431e-10
16, 11 : 9.03354e-10, 8.76431e-10
16, 12 : 8.94867e-10, 8.76431e-10
16, 13 : 9.19958e-10, 8.76431e-10
16, 14 : 9.93031e-10, 1.01694e-09
16, 15 : 1.0422e-09, 1.01694e-09
16, 16 : 1.0411e-09, 1.01694e-09
16, 17 : 1.05659e-09, 1.01694e-09
16, 18 : 1.13492e-09, 1.15745e-09
16, 19 : 1.35291e-09, 1.4736e-09
17, 0 : 7.01826e-10, 7.35921e-10
17, 1 : 7.19049e-10, 7.71049e-10
17, 2 : 7.19049e-10, 7.71049e-10
17, 3 : 7.19049e-10, 7.71049e-10
17, 4 : 7.21696e-10, 7.71049e-10
17, 5 : 8.02746e-10, 8.76431e-10
17, 6 : 8.378e-10, 9.11559e-10
17, 7 : 8.4621e-10, 9.11559e-10
17, 8 : 8.62314e-10, 9.11559e-10
17, 9 : 8.61219e-10, 8.76431e-10
17, 10 : 8.83791e-10, 8.76431e-10
17, 11 : 9.87051e-10, 1.05207e-09
17, 12 : 9.79332e-10, 1.01694e-09
17, 13 : 1.01364e-09, 1.01694e-09
17, 14 : 1.02788e-09, 1.01694e-09
17, 15 : 1.12391e-09, 1.19258e-09
17, 16 : 1.13699e-09, 1.19258e-09
17, 17 : 1.15566e-09, 1.15745e-09
17, 18 : 1.24099e-09, 1.29796e-09
17, 19 : 1.36856e-09, 1.43847e-09
18, 0 : 7.76229e-10, 8.76431e-10
18, 1 : 7.95653e-10, 9.11559e-10
18, 2 : 7.96538e-10, 9.11559e-10
18, 3 : 7.99499e-10, 9.11559e-10
18, 4 : 8.56791e-10, 9.11559e-10
18, 5 : 8.59005e-10, 9.11559e-10
18, 6 : 8.63433e-10, 9.11559e-10
18, 7 : 8.63866e-10, 9.11559e-10
18, 8 : 9.58652e-10, 1.05207e-09
18, 9 : 9.58652e-10, 1.05207e-09
18, 10 : 9.94799e-10, 1.05207e-09
18, 11 : 1.00825e-09, 1.05207e-09
18, 12 : 1.1228e-09, 1.19258e-09
18, 13 : 1.1228e-09, 1.19258e-09
18, 14 : 1.13144e-09, 1.19258e-09
18, 15 : 1.1457e-09, 1.19258e-09
18, 16 : 1.27267e-09, 1.33309e-09
18, 17 : 1.34767e-09, 1.4736e-09
18, 18 : 1.36127e-09, 1.4736e-09
18, 19 : 3.40282e+38, 3.40282e+38
19, 0 : 8.72709e-10, 1.05207e-09
19, 1 : 8.91323e-10, 1.05207e-09
19, 2 : 9.14947e-10, 1.05207e-09
19, 3 : 9.3428e-10, 1.05207e-09
19, 4 : 9.37242e-10, 1.05207e-09
19, 5 : 9.53791e-10, 1.01694e-09
19, 6 : 9.8243e-10, 1.05207e-09
19, 7 : 9.97855e-10, 1.05207e-09
19, 8 : 1.07609e-09, 1.19258e-09
19, 9 : 1.09264e-09, 1.15745e-09
19, 10 : 1.11907e-09, 1.19258e-09
19, 11 : 1.13781e-09, 1.19258e-09
19, 12 : 1.21383e-09, 1.33309e-09
19, 13 : 1.23082e-09, 1.33309e-09
19, 14 : 1.25408e-09, 1.33309e-09
19, 15 : 1.2782e-09, 1.33309e-09
19, 16 : 1.35158e-09, 1.4736e-09
19, 17 : 1.36856e-09, 1.4736e-09
19, 18 : 3.40282e+38, 3.40282e+38
19, 19 : 3.40282e+38, 3.40282e+38

SegTypeId 0 (unnamed_segment_0, length 4) Chan 1
0, 0 : 7.247e-11, 3.33711e-11
0, 1 : 7.247e-11, 3.33711e-11
0, 2 : 7.247e-11, 3.33711e-11
0, 3 : 7.247e-11, 3.33711e-11
0, 4 : 7.247e-11, 3.33711e-11
0, 5 : 7.247e-11, 3.33711e-11
0, 6 : 7.247e-11, 3.33711e-11
0, 7 : 2.10213e-10, 1.73881e-10
0, 8 : 2.10213e-10, 1.73881e-10
0, 9 : 2.1132e-10, 1.73881e-10
0, 10 : 2.86607e-10, 3.14391e-10
0, 11 : 3.46848e-10, 3.14391e-10
0, 12 : 3.47955e-10, 3.14391e-10
0, 13 : 3.49062e-10, 3.14391e-10
0, 14 : 4.24349e-10, 4.54901e-10
0, 15 : 4.85698e-10, 4.54901e-10
0, 16 : 4.85698e-10, 4.54901e-10
0, 17 : 4.85698e-10, 4.54901e-10
0, 18 : 6.55697e-10, 7.35921e-10
0, 19 : 8.77884e-10, 1.01694e-09
1, 0 : 3.40282e+38, 3.40282e+38
1, 1 : 3.40282e+38, 3.40282e+38
1, 2 : 3.40282e+38, 3.40282e+38
1, 3 : 3.40282e+38, 3.40282e+38
1, 4 : 3.40282e+38, 3.40282e+38
1, 5 : 3.40282e+38, 3.40282e+38
1, 6 : 3.40282e+38, 3.40282e+38
1, 7 : 3.40282e+38, 3.40282e+38
1, 8 : 3.40282e+38, 3.40282e+38
1, 9 : 3.40282e+38, 3.40282e+38
1, 10 : 3.40282e+38, 3.40282e+38
1, 11 : 3.40282e+38, 3.40282e+38
1, 12 : 3.40282e+38, 3.40282e+38
1, 13 : 3.40282e+38, 3.40282e+38
1, 14 : 3.40282e+38, 3.40282e+38
1, 15 : 3.40282e+38, 3.40282e+38
1, 16 : 3.40282e+38, 3.40282e+38
1, 17 : 3.40282e+38, 3.40282e+38
1, 18 : 3.40282e+38, 3.40282e+38
1, 19 : 3.40282e+38, 3.40282e+38
2, 0 : 1.66297e-10, 1.73881e-10
2, 1 : 1.66297e-10, 1.73881e-10
2, 2 : 1.66297e-10, 1.73881e-10
2, 3 : 1.66297e-10, 1.73881e-10
2, 4 : 1.66297e-10, 1.73881e-10
2, 5 : 1.66297e-10, 1.73881e-10
2, 6 : 2.87491e-10, 3.14391e-10
2, 7 : 2.87491e-10, 3.14391e-10
2, 8 : 2.87491e-10, 3.14391e-10
2, 9 : 3.09426e-10, 3.14391e-10
2, 10 : 4.21046e-10, 4.54901e-10
2, 11 : 4.21046e-10, 4.54901e-10
2, 12 : 4.27447e-10, 4.54901e-10
2, 13 : 4.5381e-10, 4.54901e-10
2, 14 : 5.66297e-10, 5.95411e-10
2, 15 : 5.66297e-10, 5.95411e-10
2, 16 : 5.66297e-10, 5.95411e-10
2, 17 : 6.62041e-10, 7.35921e-10
2, 18 : 8.90154e-10, 1.01694e-09
2, 19 : 3.40282e+38, 3.40282e+38
3, 0 : 1.86452e-10, 1.73881e-10
3, 1 : 1.87485e-10, 1.73881e-10
3, 2 : 1.87485e-10, 1.73881e-10
3, 3 : 1.87485e-10, 1.73881e-10
3, 4 : 1.87485e-10, 1.73881e-10
3, 5 : 1.87485e-10, 1.73881e-10
3, 6 : 3.24195e-10, 3.14391e-10
3, 7 : 3.2626e-10, 3.14391e-10
3, 8 : 3.27367e-10, 3.14391e-10
3, 9 : 3.29581e-10, 3.14391e-10
3, 10 : 4.62896e-10, 4.54901e-10
3, 11 : 4.42382e-10, 4.54901e-10
3, 12 : 4.66143e-10, 4.54901e-10
3, 13 : 4.70644e-10, 4.54901e-10
3, 14 : 6.01746e-10, 5.95411e-10
3, 15 : 6.01746e-10, 5.95411e-10
3, 16 : 6.02778e-10, 5.95411e-10
3, 17 : 6.87582e-10, 7.35921e-10
3, 18 : 9.1149e-10, 1.01694e-09
3, 19 : 3.40282e+38, 3.40282e+38
4, 0 : 2.10213e-10, 1.73881e-10
4, 1 : 2.1132e-10, 1.73881e-10
4, 2 : 2.1132e-10, 1.73881e-10
4, 3 : 2.1132e-10, 1.73881e-10
4, 4 : 2.12427e-10, 1.73881e-10
4, 5 : 2.12427e-10, 1.73881e-10
4, 6 : 3.49062e-10, 3.14391e-10
4, 7 : 3.49062e-10, 3.14391e-10
4, 8 : 3.51276e-10, 3.14391e-10
4, 9 : 3.52383e-10, 3.14391e-10
4, 10 : 4.68505e-10, 4.54901e-10
4, 11 : 4.86805e-10, 4.54901e-10
4, 12 : 4.91233e-10, 4.54901e-10
4, 13 : 4.9234e-10, 4.54901e-10
4, 14 : 6.24548e-10, 5.95411e-10
4, 15 : 6.24548e-10, 5.95411e-10
4, 16 : 6.27869e-10, 5.95411e-10
4, 17 : 7.05147e-10, 7.35921e-10
4, 18 : 9.34503e-10, 1.01694e-09
4, 19 : 3.40282e+38, 3.40282e+38
5, 0 : 2.855e-10, 3.14391e-10
5, 1 : 2.85723e-10, 3.14391e-10
5, 2 : 2.86384e-10, 3.14391e-10
5, 3 : 2.86384e-10, 3.14391e-10
5, 4 : 2.86384e-10, 3.14391e-10
5, 5 : 2.88821e-10, 3.14391e-10
5, 6 : 3.49062e-10, 3.14391e-10
5, 7 : 3.49062e-10, 3.14391e-10
5, 8 : 3.5349e-10, 3.14391e-10
5, 9 : 4.28777e-10, 4.54901e-10
5, 10 : 4.68505e-10, 4.54901e-10
5, 11 : 4.86805e-10, 4.54901e-10
5, 12 : 4.93447e-10, 4.54901e-10
5, 13 : 5.69618e-10, 5.95411e-10
5, 14 : 6.25655e-10, 5.95411e-10
5, 15 : 6.25655e-10, 5.95411e-10
5, 16 : 6.31189e-10, 5.95411e-10
5, 17 : 7.07361e-10, 7.35921e-10
5, 18 : 9.40037e-10, 1.01694e-09
5, 19 : 3.40282e+38, 3.40282e+38
6, 0 : 3.0404e-10, 3.14391e-10
6, 1 : 3.0404e-10, 3.14391e-10
6, 2 : 3.0404e-10, 3.14391e-10
6, 3 : 3.0404e-10, 3.14391e-10
6, 4 : 3.0404e-10, 3.14391e-10
6, 5 : 3.07212e-10, 3.14391e-10
6, 6 : 4.28554e-10, 4.54901e-10
6, 7 : 4.44955e-10, 4.54901e-10
6, 8 : 4.45104e-10, 4.54901e-10
6, 9 : 4.5381e-10, 4.54901e-10
6, 10 : 5.6211e-10, 5.95411e-10
6, 11 : 5.49258e-10, 5.95411e-10
6, 12 : 5.86167e-10, 5.95411e-10
6, 13 : 5.98195e-10, 5.95411e-10
6, 14 : 7.07361e-10, 7.35921e-10
6, 15 : 7.22506e-10, 7.35921e-10
6, 16 : 7.2472e-10, 7.35921e-10
6, 17 : 7.44941e-10, 7.35921e-10
6, 18 : 9.54224e-10, 1.01694e-09
6, 19 : 3.40282e+38, 3.40282e+38
7, 0 : 3.26335e-10, 3.14391e-10
7, 1 : 3.26335e-10, 3.14391e-10
7, 2 : 3.26335e-10, 3.14391e-10
7, 3 : 3.26335e-10, 3.14391e-10
7, 4 : 3.26335e-10, 3.14391e-10
7, 5 : 3.26335e-10, 3.14391e-10
7, 6 : 4.64151e-10, 4.54901e-10
7, 7 : 4.65184e-10, 4.54901e-10
7, 8 : 4.67324e-10, 4.54901e-10
7, 9 : 4.70719e-10, 4.54901e-10
7, 10 : 5.88232e-10, 5.95411e-10
7, 11 : 5.66389e-10, 5.95411e-10
7, 12 : 6.07429e-10, 5.95411e-10
7, 13 : 6.12815e-10, 5.95411e-10
7, 14 : 7.41702e-10, 7.35921e-10
7, 15 : 7.42735e-10, 7.35921e-10
7, 16 : 7.42735e-10, 7.35921e-10
7, 17 : 7.62808e-10, 7.35921e-10
7, 18 : 9.90612e-10, 1.01694e-09
7, 19 : 3.40282e+38, 3.40282e+38
8, 0 : 3.49062e-10, 3.14391e-10
8, 1 : 3.49062e-10, 3.14391e-10
8, 2 : 3.49062e-10, 3.14391e-10
8, 3 : 3.50169e-10, 3.14391e-10
8, 4 : 3.50169e-10, 3.14391e-10
8, 5 : 3.5349e-10, 3.14391e-10
8, 6 : 4.87912e-10, 4.54901e-10
8, 7 : 4.87912e-10, 4.54901e-10
8, 8 : 4.91233e-10, 4.54901e-10
8, 9 : 4.9234e-10, 4.54901e-10
8, 10 : 6.08461e-10, 5.95411e-10
8, 11 : 5.91553e-10, 5.95411e-10
8, 12 : 6.31189e-10, 5.95411e-10
8, 13 : 6.36724e-10, 5.95411e-10
8, 14 : 7.63397e-10, 7.35921e-10
8, 15 : 7.63397e-10, 7.35921e-10
8, 16 : 7.68932e-10, 7.35921e-10
8, 17 : 7.81108e-10, 7.35921e-10
8, 18 : 9.95926e-10, 1.01694e-09
8, 19 : 3.40282e+38, 3.40282e+38
9, 0 : 4.25234e-10, 4.54901e-10
9, 1 : 4.26341e-10, 4.54901e-10
9, 2 : 4.26341e-10, 4.54901e-10
9, 3 : 4.26341e-10, 4.54901e-10
9, 4 : 4.26341e-10, 4.54901e-10
9, 5 : 4.28777e-10, 4.54901e-10
9, 6 : 4.87912e-10, 4.54901e-10
9, 7 : 4.87912e-10, 4.54901e-10
9, 8 : 4.9566e-10, 4.54901e-10
9, 9 : 5.67627e-10, 5.95411e-10
9, 10 : 6.08461e-10, 5.95411e-10
9, 11 : 6.08461e-10, 5.95411e-10
9, 12 : 6.35617e-10, 5.95411e-10
9, 13 : 7.07583e-10, 7.35921e-10
9, 14 : 7.64504e-10, 7.35921e-10
9, 15 : 7.63397e-10, 7.35921e-10
9, 16 : 7.7336e-10, 7.35921e-10
9, 17 : 8.49531e-10, 8.76431e-10
9, 18 : 1.07978e-09, 1.15745e-09
9, 19 : 3.40282e+38, 3.40282e+38
10, 0 : 4.4289e-10, 4.54901e-10
10, 1 : 4.4289e-10, 4.54901e-10
10, 2 : 4.4289e-10, 4.54901e-10
10, 3 : 4.4289e-10, 4.54901e-10
10, 4 : 4.4289e-10, 4.54901e-10
10, 5 : 4.48276e-10, 4.54901e-10
10, 6 : 5.66297e-10, 5.95411e-10
10, 7 : 5.70725e-10, 5.95411e-10
10, 8 : 5.71832e-10, 5.95411e-10
10, 9 : 5.93767e-10, 5.95411e-10
10, 10 : 7.03173e-10, 7.35921e-10
10, 11 : 6.91428e-10, 7.35921e-10
10, 12 : 7.11788e-10, 7.35921e-10
10, 13 : 7.3151e-10, 7.35921e-10
10, 14 : 8.47317e-10, 8.76431e-10
10, 15 : 8.49531e-10, 8.76431e-10
10, 16 : 8.49531e-10, 8.76431e-10
10, 17 : 8.86012e-10, 8.76431e-10
10, 18 : 1.09071e-09, 1.15745e-09
10, 19 : 3.40282e+38, 3.40282e+38
11, 0 : 4.65184e-10, 4.54901e-10
11, 1 : 4.65184e-10, 4.54901e-10
11, 2 : 4.65184e-10, 4.54901e-10
11, 3 : 4.65184e-10, 4.54901e-10
11, 4 : 4.65184e-10, 4.54901e-10
11, 5 : 4.65184e-10, 4.54901e-10
11, 6 : 6.03001e-10, 5.95411e-10
11, 7 : 6.04034e-10, 5.95411e-10
11, 8 : 6.08387e-10, 5.95411e-10
11, 9 : 6.09568e-10, 5.95411e-10
11, 10 : 7.29296e-10, 7.35921e-10
11, 11 : 7.08559e-10, 7.35921e-10
11, 12 : 7.46278e-10, 7.35921e-10
11, 13 : 7.53952e-10, 7.35921e-10
11, 14 : 8.82766e-10, 8.76431e-10
11, 15 : 8.83798e-10, 8.76431e-10
11, 16 : 8.83798e-10, 8.76431e-10
11, 17 : 9.01657e-10, 8.76431e-10
11, 18 : 1.13278e-09, 1.15745e-09
11, 19 : 3.40282e+38, 3.40282e+38
12, 0 : 4.86805e-10, 4.54901e-10
12, 1 : 4.87912e-10, 4.54901e-10
12, 2 : 4.87912e-10, 4.54901e-10
12, 3 : 4.89019e-10, 4.54901e-10
12, 4 : 4.90126e-10, 4.54901e-10
12, 5 : 4.93447e-10, 4.54901e-10
12, 6 : 6.26762e-10, 5.95411e-10
12, 7 : 6.26762e-10, 5.95411e-10
12, 8 : 6.31189e-10, 5.95411e-10
12, 9 : 6.33403e-10, 5.95411e-10
12, 10 : 7.49451e-10, 7.35921e-10
12, 11 : 7.31361e-10, 7.35921e-10
12, 12 : 7.68932e-10, 7.35921e-10
12, 13 : 7.75573e-10, 7.35921e-10
12, 14 : 9.02247e-10, 8.76431e-10
12, 15 : 9.02247e-10, 8.76431e-10
12, 16 : 9.08888e-10, 8.76431e-10
12, 17 : 9.19958e-10, 8.76431e-10
12, 18 : 1.13588e-09, 1.15745e-09
12, 19 : 3.40282e+38, 3.40282e+38
13, 0 : 5.62315e-10, 5.95411e-10
13, 1 : 5.62315e-10, 5.95411e-10
13, 2 : 5.64083e-10, 5.95411e-10
13, 3 : 5.64083e-10, 5.95411e-10
13, 4 : 5.64083e-10, 5.95411e-10
13, 5 : 5.69841e-10, 5.95411e-10
13, 6 : 6.26762e-10, 5.95411e-10
13, 7 : 6.26762e-10, 5.95411e-10
13, 8 : 6.37831e-10, 5.95411e-10
13, 9 : 7.09797e-10, 7.35921e-10
13, 10 : 7.48418e-10, 7.35921e-10
13, 11 : 7.64504e-10, 7.35921e-10
13, 12 : 7.77787e-10, 7.35921e-10
13, 13 : 8.53074e-10, 8.76431e-10
13, 14 : 9.03354e-10, 8.76431e-10
13, 15 : 9.03354e-10, 8.76431e-10
13, 16 : 9.14423e-10, 8.76431e-10
13, 17 : 9.91701e-10, 1.01694e-09
13, 18 : 1.2207e-09, 1.29796e-09
13, 19 : 3.40282e+38, 3.40282e+38
14, 0 : 5.80632e-10, 5.95411e-10
14, 1 : 5.80632e-10, 5.95411e-10
14, 2 : 5.80632e-10, 5.95411e-10
14, 3 : 5.80632e-10, 5.95411e-10
14, 4 : 5.80632e-10, 5.95411e-10
14, 5 : 5.88232e-10, 5.95411e-10
14, 6 : 7.05147e-10, 7.35921e-10
14, 7 : 7.2391e-10, 7.35921e-10
14, 8 : 7.2391e-10, 7.35921e-10
14, 9 : 7.32617e-10, 7.35921e-10
14, 10 : 8.44236e-10, 8.76431e-10
14, 11 : 8.32492e-10, 8.76431e-10
14, 12 : 8.65932e-10, 8.76431e-10
14, 13 : 8.82535e-10, 8.76431e-10
14, 14 : 9.86167e-10, 1.01694e-09
14, 15 : 1.00161e-09, 1.01694e-09
14, 16 : 1.00161e-09, 1.01694e-09
14, 17 : 1.03039e-09, 1.01694e-09
14, 18 : 1.23178e-09, 1.29796e-09
14, 19 : 3.40282e+38, 3.40282e+38
15, 0 : 6.04034e-10, 5.95411e-10
15, 1 : 6.04034e-10, 5.95411e-10
15, 2 : 6.04034e-10, 5.95411e-10
15, 3 : 6.04034e-10, 5.95411e-10
15, 4 : 6.04034e-10, 5.95411e-10
15, 5 : 6.04034e-10, 5.95411e-10
15, 6 : 7.42883e-10, 7.35921e-10
15, 7 : 7.42883e-10, 7.35921e-10
15, 8 : 7.47311e-10, 7.35921e-10
15, 9 : 7.48418e-10, 7.35921e-10
15, 10 : 8.69252e-10, 8.76431e-10
15, 11 : 8.49623e-10, 8.76431e-10
15, 12 : 8.87342e-10, 8.76431e-10
15, 13 : 8.92802e-10, 8.76431e-10
15, 14 : 1.02272e-09, 1.01694e-09
15, 15 : 1.02375e-09, 1.01694e-09
15, 16 : 1.02375e-09, 1.01694e-09
15, 17 : 1.04051e-09, 1.01694e-09
15, 18 : 1.27385e-09, 1.29796e-09
15, 19 : 3.40282e+38, 3.40282e+38
16, 0 : 6.25655e-10, 5.95411e-10
16, 1 : 6.27869e-10, 5.95411e-10
16, 2 : 6.27869e-10, 5.95411e-10
16, 3 : 6.27869e-10, 5.95411e-10
16, 4 : 6.27869e-10, 5.95411e-10
16, 5 : 6.3451e-10, 5.95411e-10
16, 6 : 7.65611e-10, 7.35921e-10
16, 7 : 7.65611e-10, 7.35921e-10
16, 8 : 7.70039e-10, 7.35921e-10
16, 9 : 7.7336e-10, 7.35921e-10
16, 10 : 8.87268e-10, 8.76431e-10
16, 11 : 8.70359e-10, 8.76431e-10
16, 12 : 9.07782e-10, 8.76431e-10
16, 13 : 9.17744e-10, 8.76431e-10
16, 14 : 1.0411e-09, 1.01694e-09
16, 15 : 1.0411e-09, 1.01694e-09
16, 16 : 1.04774e-09, 1.01694e-09
16, 17 : 1.06102e-09, 1.01694e-09
16, 18 : 1.27473e-09, 1.29796e-09
16, 19 : 3.40282e+38, 3.40282e+38
17, 0 : 7.01826e-10, 7.35921e-10
17, 1 : 7.0404e-10, 7.35921e-10
17, 2 : 7.0404e-10, 7.35921e-10
17, 3 : 7.0404e-10, 7.35921e-10
17, 4 : 7.0404e-10, 7.35921e-10
17, 5 : 7.09797e-10, 7.35921e-10
17, 6 : 7.65611e-10, 7.35921e-10
17, 7 : 7.65611e-10, 7.35921e-10
17, 8 : 7.80001e-10, 7.35921e-10
17, 9 : 8.48647e-10, 8.76431e-10
17, 10 : 8.94867e-10, 8.76431e-10
17, 11 : 8.88375e-10, 8.76431e-10
17, 12 : 9.19958e-10, 8.76431e-10
17, 13 : 9.88603e-10, 1.01694e-09
17, 14 : 1.0422e-09, 1.01694e-09
17, 15 : 1.0411e-09, 1.01694e-09
17, 16 : 1.05549e-09, 1.01694e-09
17, 17 : 1.13276e-09, 1.15745e-09
17, 18 : 1.35859e-09, 1.43847e-09
17, 19 : 3.40282e+38, 3.40282e+38
18, 0 : 7.19049e-10, 7.35921e-10
18, 1 : 7.19049e-10, 7.35921e-10
18, 2 : 7.19049e-10, 7.35921e-10
18, 3 : 7.19049e-10, 7.35921e-10
18, 4 : 7.19049e-10, 7.35921e-10
18, 5 : 7.19049e-10, 7.35921e-10
18, 6 : 8.42889e-10, 8.76431e-10
18, 7 : 8.51745e-10, 8.76431e-10
18, 8 : 8.56172e-10, 8.76431e-10
18, 9 : 8.64466e-10, 8.76431e-10
18, 10 : 9.74662e-10, 1.01694e-09
18, 11 : 9.65225e-10, 1.01694e-09
18, 12 : 9.96129e-10, 1.01694e-09
18, 13 : 1.00782e-09, 1.01694e-09
18, 14 : 1.12391e-09, 1.15745e-09
18, 15 : 1.13166e-09, 1.15745e-09
18, 16 : 1.13276e-09, 1.15745e-09
18, 17 : 1.15427e-09, 1.15745e-09
18, 18 : 1.36952e-09, 1.43847e-09
18, 19 : 3.40282e+38, 3.40282e+38
19, 0 : 7.95653e-10, 8.76431e-10
19, 1 : 8.12876e-10, 8.76431e-10
19, 2 : 8.38925e-10, 8.76431e-10
19, 3 : 8.56791e-10, 8.76431e-10
19, 4 : 9.35473e-10, 1.01694e-09
19, 5 : 9.51726e-10, 1.01694e-09
19, 6 : 9.79406e-10, 1.01694e-09
19, 7 : 9.95641e-10, 1.01694e-09
19, 8 : 1.07468e-09, 1.15745e-09
19, 9 : 1.08947e-09, 1.15745e-09
19, 10 : 1.1097e-09, 1.15745e-09
19, 11 : 1.13492e-09, 1.15745e-09
19, 12 : 1.21353e-09, 1.29796e-09
19, 13 : 1.22875e-09, 1.29796e-09
19, 14 : 1.25378e-09, 1.29796e-09
19, 15 : 1.27377e-09, 1.29796e-09
19, 16 : 1.34981e-09, 1.43847e-09
19, 17 : 1.36841e-09, 1.43847e-09
19, 18 : 3.40282e+38, 3.40282e+38
19, 19 : 3.40282e+38, 3.40282e+38


